Class_0,Class_1,Class_2,Class_3,Class_4,Class_5,Class_6,Class_7
0.000526544,0.009519821,0.244092099,0.011685009,3.95E-05,0.000106206,0.73170708,0.002323785
0.022323677,0.064865387,0.023193573,0.028299989,0.00042096,0.000281909,0.019223283,0.841391221
0.000428945,3.02E-05,0.005122801,0.904882597,3.51E-06,0.009484195,0.079955664,9.21E-05
0.003091556,0.043568946,0.005311582,0.000691674,0.000220354,0.000189617,0.001503363,0.945422908
0.000238866,0.008540116,0.319159733,0.038460158,2.58E-06,1.43E-05,0.633499437,8.48E-05
0.043499344,0.090779284,0.048089142,0.001045335,7.71E-05,0.000206463,0.004328369,0.811975
0.001443514,0.508136638,0.385243871,0.007654141,0.000121078,3.42E-05,0.091150638,0.00621594
0.002104798,0.002321439,0.0111599,0.823628338,1.42E-05,0.000176397,0.160542476,5.24E-05
0.082439331,0.268249938,0.095547638,0.005710492,0.002346756,4.03E-05,0.020106343,0.52555917
0.883702951,0.010408986,0.005543253,0.049622372,0.004175893,7.92E-05,0.019860719,0.026606579
0.002424003,0.014442352,0.242796645,0.368324446,8.06E-06,0.000704151,0.370945765,0.000354577
0.008208557,0.520728812,0.216706894,0.007880278,0.00018703,1.54E-05,0.022115796,0.224157253
0.000100736,0.00240828,0.045554643,0.005166111,4.99E-05,6.74E-06,0.945096077,0.001617545
4.94E-05,0.000169185,0.001394998,0.944358236,1.60E-06,0.001838019,0.052185029,3.54E-06
0.00116394,0.000218808,0.029489506,0.398260435,4.26E-06,8.99E-05,0.570661639,0.000111516
0.627144857,0.064203509,0.079330067,0.011096519,0.010338056,9.90E-05,0.031649923,0.176138104
0.004859425,1.28E-05,0.003134298,0.938429675,2.65E-06,0.037135695,0.016402177,2.32E-05
0.000498922,0.002224262,0.26036923,0.197153229,4.13E-06,0.00096247,0.538764712,2.30E-05
0.004247102,5.79E-05,0.032524282,0.4472547,1.01E-05,0.005163078,0.510715327,2.74E-05
0.000865483,0.007947711,0.140124288,0.046053292,1.71E-05,9.44E-05,0.804837948,5.98E-05
0.000548331,0.000548733,0.003193735,0.278811802,8.72E-06,0.000113241,0.716714765,6.07E-05
0.002411898,0.001886545,0.09160642,0.379710323,6.36E-06,0.000743377,0.523614904,2.02E-05
0.000626729,0.619744768,0.323588674,0.001590582,4.01E-05,3.84E-05,0.015349634,0.039021117
7.51E-05,7.69E-06,0.000375998,0.822621752,5.11E-07,0.169475778,0.007442169,9.56E-07
0.000229537,0.002306327,0.119745228,0.141899395,3.48E-05,6.65E-06,0.735593325,0.00018472
0.961774981,0.00162339,0.007139189,0.001912755,0.014752766,0.000667934,0.004566726,0.007562259
0.036032913,0.247207773,0.03270269,0.025432484,0.006755833,0.000159507,0.011282378,0.640426421
0.000377855,0.000165184,0.111838451,0.309851104,2.22E-06,0.000427534,0.57726956,6.81E-05
0.004920082,0.087652375,0.55006649,0.007142117,1.74E-05,9.65E-05,0.317397618,0.032707455
0.001414419,0.000124901,0.117405051,0.446915776,2.42E-06,0.000173249,0.433362777,0.000601406
0.006802513,0.000611614,0.015987345,0.832236105,7.67E-05,0.000248099,0.144011729,2.59E-05
0.000346228,0.001888163,0.307851199,0.047909689,6.39E-05,0.000123857,0.641741491,7.55E-05
0.000449196,0.001291976,0.007798897,0.604780373,4.90E-06,0.001632409,0.384022324,1.99E-05
0.000166077,1.47E-05,0.000312961,0.996666883,3.15E-06,6.84E-05,0.002755812,1.20E-05
0.00161111,0.046695665,0.801266564,0.003044812,2.81E-05,7.67E-06,0.097532735,0.049813366
0.021700364,0.000436984,0.016706871,0.740731164,1.22E-05,0.020690892,0.199671,5.06E-05
0.001213387,4.62E-05,0.007206372,0.942960519,5.92E-06,0.002201388,0.046352606,1.36E-05
0.003878483,0.280340425,0.308235252,0.057595191,0.00131388,3.25E-05,0.134137328,0.214466978
0.000947441,0.06075616,0.705777257,0.013427935,5.75E-05,0.000246951,0.213444305,0.0053425
0.037127674,0.13441556,0.008809183,0.000432238,0.000123836,0.000177838,0.000837032,0.818076639
0.000292637,0.017550654,0.671965269,0.024384545,1.11E-05,0.000140355,0.285369575,0.00028583
0.230145517,0.028812135,0.002053285,0.000185207,0.000566295,0.000139525,0.005281345,0.732816691
0.001301417,0.000598228,0.005692266,0.903722982,2.02E-05,0.008169018,0.080446125,4.98E-05
0.875322757,0.003618058,0.066777608,0.00811695,0.032743015,7.86E-05,0.000811276,0.012531782
0.00424464,0.086426568,0.018606535,0.0008097,0.003950824,5.33E-05,0.002636104,0.883272346
0.001684482,0.060750317,0.553849762,0.008493537,7.07E-06,2.39E-05,0.374557755,0.000633165
0.000393882,0.000630903,0.024336549,0.020917744,0.000333866,4.62E-06,0.952941152,0.000441288
0.00047373,0.000239964,0.009659442,0.682057016,1.40E-06,0.000438457,0.307123864,6.13E-06
0.000141981,5.17E-05,0.072574885,0.089446551,7.23E-06,0.000369483,0.837388664,1.95E-05
0.005105035,0.356314971,0.052478965,0.006416649,0.000209283,1.90E-05,0.004438773,0.5750173
0.000693572,0.073249642,0.102540407,0.686085718,0.000169704,0.000310527,0.132684265,0.004266165
0.000393061,0.06959878,0.605370196,0.02366168,5.09E-05,2.16E-05,0.267967268,0.032936453
0.00867509,0.099709286,0.567666584,0.046604,3.79E-05,9.48E-05,0.270129347,0.007082969
0.00298566,0.02171098,0.92607237,0.004164927,3.87E-05,3.30E-05,0.041908688,0.003085677
0.00025741,6.16E-05,0.006901272,0.761094174,5.05E-06,0.030021723,0.201542029,0.000116694
0.006861944,0.000162062,0.009284743,0.858532057,4.14E-05,0.024623439,0.100453783,4.06E-05
0.937659714,0.001404994,0.002288196,0.007218601,0.018927447,0.000282263,0.016657072,0.015561712
0.951278666,0.005730331,0.007077145,0.009645534,0.003605805,0.000395993,0.007837792,0.014428735
1.99E-05,0.00084626,0.062019218,0.022591022,4.10E-06,1.07E-05,0.914394877,0.000113948
0.000471726,0.001126375,0.029733249,0.59521928,3.47E-05,0.000849472,0.37245008,0.000115081
0.093489649,0.234542935,0.006610292,0.00309593,0.001960019,0.000319343,0.003294775,0.656687056
0.002695939,0.603038695,0.247825128,0.004308704,0.000360633,0.000746091,0.071162733,0.069862079
0.002347451,0.231631494,0.568584997,0.001650926,4.80E-06,8.30E-05,0.180823122,0.014874183
0.00129212,0.000917973,0.072915263,0.450169466,9.02E-06,0.000341354,0.474279299,7.55E-05
0.002408317,0.000639542,0.073230776,0.583167291,1.52E-05,0.002702592,0.33782656,9.74E-06
0.000124202,0.004057822,0.13590379,0.063991891,3.97E-06,0.000158407,0.795685445,7.45E-05
0.000985695,0.000778076,0.006617402,0.75028157,7.52E-06,0.004914212,0.236375435,4.01E-05
0.002770065,0.038463321,0.475080471,0.051376931,3.47E-05,0.014985569,0.416091365,0.001197583
0.001468907,0.004675054,0.046363925,0.668749489,2.96E-05,0.000145218,0.278420881,0.000146904
0.001554973,5.24E-05,0.019540314,0.774337742,6.59E-06,0.002416298,0.202028532,6.31E-05
0.000574666,9.93E-06,0.00040724,0.963564442,4.18E-06,0.001174305,0.034181047,8.42E-05
0.019040586,0.257702361,0.054787889,0.00471634,0.007569753,0.003131862,0.008470928,0.644580282
0.02041458,0.385464231,0.322957921,0.003034046,0.0002093,0.000328803,0.0489661,0.218625019
0.000272872,0.00102392,0.036510233,0.015670159,6.96E-05,1.15E-05,0.945249504,0.001192206
0.002171039,0.350228685,0.620438765,0.000543048,1.93E-05,0.000129319,0.015389384,0.011080497
0.000173202,0.00984077,0.737459038,0.009062053,4.73E-05,9.23E-06,0.23941155,0.00399689
0.000581041,0.000221464,0.004644183,0.061981913,0.00022428,0.004532181,0.927703507,0.000111431
0.000567643,0.001479721,0.002961531,0.893468059,4.74E-05,0.025207568,0.076221591,4.64E-05
0.010662927,0.367850765,0.271888058,0.021430536,0.000592482,1.16E-05,0.115102026,0.212461595
0.015578521,0.440201268,0.170856726,0.004873706,0.005472469,2.67E-05,0.07190761,0.291082964
0.017994279,0.61317175,0.047697319,0.000834641,7.68E-05,8.64E-05,0.016489394,0.303649394
0.977252409,0.005867701,0.012206142,0.000198732,0.000410948,5.77E-05,0.000518212,0.003488179
0.003897456,8.52E-05,0.073482729,0.590508803,2.63E-06,0.000506294,0.33064834,0.000868556
0.003102917,0.000337397,0.006422427,0.477386428,5.52E-06,0.001057017,0.511673916,1.44E-05
0.000835057,0.000294533,0.005025034,0.541769018,7.87E-06,0.002713888,0.44935124,3.36E-06
0.000104971,7.77E-05,0.013502297,0.196088833,2.46E-06,2.25E-05,0.790198875,2.39E-06
0.006059705,0.013229864,0.023781137,0.811730624,0.000150688,0.00028658,0.1446672,9.42E-05
0.000528539,0.000699592,0.002751407,0.929113448,5.92E-06,0.000843087,0.06604484,1.32E-05
0.000397632,0.000138964,0.06630896,0.438199693,1.93E-06,0.000404504,0.494336516,0.0002118
0.001069629,0.001357644,0.051045428,0.210414504,4.05E-06,5.32E-05,0.735919449,0.000136068
0.001207575,0.012428407,0.187793007,0.080767597,3.74E-05,0.000153774,0.716424063,0.001188218
0.001351952,6.43E-06,0.000596319,0.990769134,9.73E-07,0.002754932,0.004492638,2.76E-05
0.001055517,3.42E-05,0.005531885,0.8947843,6.52E-06,0.045296155,0.053244836,4.66E-05
0.000410848,0.000965094,0.035072333,0.678876526,4.70E-06,4.80E-05,0.284614216,8.29E-06
0.001075852,0.069165339,0.107993136,0.102186031,0.000375316,0.000269503,0.714529523,0.004405301
0.014207191,0.192993161,0.195455468,0.001274319,4.45E-05,6.08E-05,0.005524904,0.590439672
0.001955765,7.40E-05,0.003983551,0.902430747,9.52E-06,0.038516633,0.052993022,3.67E-05
0.875676502,0.012657172,0.005683608,0.002783129,0.016785408,7.44E-05,0.002814058,0.08352571
0.004167237,1.45E-05,0.000317795,0.958643017,3.33E-06,0.020547035,0.016280373,2.67E-05
0.002469524,0.126630924,0.775618791,0.000873289,9.75E-06,9.69E-06,0.087471048,0.006916984
0.975339344,0.01055624,0.004147814,0.000885143,0.000250049,2.50E-05,0.001408869,0.007387554
0.001957813,0.013627176,0.1983112,0.028372064,0.000145175,0.019182462,0.737870356,0.000533753
0.002311266,5.61E-05,0.16154473,0.551085242,4.14E-06,0.000143798,0.284011951,0.000842747
0.000597992,0.000192343,0.004660757,0.95866918,3.10E-05,0.016563296,0.01922205,6.34E-05
0.002030086,0.001217791,0.231641752,0.05259528,8.22E-06,8.95E-05,0.712364677,5.27E-05
0.00073285,0.000522597,0.001987367,0.964611746,2.14E-05,0.026165799,0.005932131,2.61E-05
0.000597057,0.007431397,0.014207023,0.083080581,3.63E-05,0.001310886,0.893120731,0.000216032
0.001970544,4.63E-05,0.002081041,0.94258537,2.21E-06,0.02996211,0.023339758,1.27E-05
0.000367296,0.000376025,0.00065843,0.978307856,4.93E-06,0.000574274,0.019709169,2.02E-06
0.003982375,3.27E-05,0.015490266,0.683379096,4.31E-06,0.004440977,0.292251109,0.000419162
0.000192204,0.000222364,0.012805565,0.009754389,6.92E-05,6.61E-06,0.976593296,0.000356409
0.993929777,0.000663698,0.000490602,0.001703579,0.001057973,1.71E-05,0.000283004,0.001854241
0.001465187,0.0683158,0.831251678,0.01323524,2.68E-05,4.34E-05,0.08241493,0.003246973
0.000815993,0.239722442,0.682227975,0.002468128,2.98E-05,4.89E-05,0.070844387,0.00384241
0.00016376,0.005516647,0.13623523,0.389715875,7.31E-06,0.000641069,0.46755232,0.000167787
0.000578188,0.000205959,0.009454658,0.380294425,4.17E-06,0.000204586,0.609251339,6.68E-06
0.001539299,0.233260075,0.704090116,0.000866829,2.53E-05,6.51E-05,0.058735685,0.00141753
0.001209191,0.0209428,0.411898035,0.028619591,3.89E-05,1.49E-05,0.537153174,0.000123429
0.002750563,0.003523036,0.124452529,0.097928731,6.93E-06,0.00025823,0.770879225,0.000200758
0.002616807,0.158281066,0.45543812,0.013766326,5.97E-06,3.33E-05,0.368653199,0.001205196
0.002343117,0.666836652,0.155977537,0.001890109,3.23E-05,2.66E-05,0.007170982,0.165722641
0.06717031,0.305111934,0.074557138,0.009991796,0.001096803,3.94E-05,0.005541982,0.536490631
0.002760687,0.012125818,0.452403744,0.033567282,2.93E-05,9.20E-05,0.494010366,0.005010785
0.001427837,8.93E-05,0.004614014,0.951112398,4.26E-06,0.000688044,0.041965182,9.90E-05
0.000355277,0.093882363,0.805912419,0.001933068,7.85E-06,0.00015172,0.091600999,0.006156308
0.005946319,0.333104131,0.332120717,0.00323806,0.001088555,2.24E-05,0.148341149,0.176138709
0.000126449,2.55E-05,0.017535635,0.589614548,2.59E-06,0.002934948,0.389700181,6.02E-05
0.000719056,0.001014,0.019585973,0.850854171,2.29E-05,0.004878485,0.122896009,2.94E-05
0.000145306,0.001911697,0.091380237,0.041556843,7.53E-06,1.19E-05,0.86490798,7.85E-05
0.954152825,0.001560991,0.014756292,0.008473338,0.008235035,0.000108002,0.005559628,0.007153889
0.032261473,0.320204114,0.006886865,0.002849394,0.002773302,0.000797599,0.005433922,0.628793332
0.002767571,0.000167,0.004094523,0.716867622,1.32E-05,0.021360009,0.254716099,1.40E-05
0.01944388,0.006922118,0.153690538,0.663928992,0.002052837,7.66E-05,0.152897816,0.000987182
0.026793276,0.048754757,0.280989131,0.00771415,0.000302215,4.47E-05,0.536714005,0.098687771
0.046102898,0.000299321,0.117114866,0.802305233,2.21E-05,0.007108588,0.026820166,0.000226814
0.020622922,0.072300771,0.007835863,0.002071065,0.001080184,1.74E-05,0.001813604,0.894258157
0.006620161,0.000104801,0.034988366,0.754783708,4.22E-06,0.000292587,0.202890696,0.000315465
0.000940019,0.018080524,0.642954893,0.01927532,6.46E-06,4.40E-05,0.318247426,0.000451323
0.00079309,0.090788307,0.187681509,0.523782111,3.83E-05,7.86E-05,0.192351748,0.004486269
0.015114458,0.290350837,0.095582116,0.001609918,0.000306908,0.001254123,0.005385172,0.590396469
0.000596808,3.15E-05,0.010268126,0.78344433,4.03E-06,0.003139698,0.202478357,3.72E-05
0.000583979,0.020219467,0.595577241,0.01317153,9.09E-06,8.31E-06,0.369256748,0.001173634
0.958965605,0.003316537,0.009279604,0.005658235,0.002925949,0.000368522,0.013221222,0.006264326
0.000152398,0.000911776,0.099660287,0.123628297,4.63E-06,1.03E-05,0.775626076,6.24E-06
0.00061814,0.001073794,0.00436147,0.869454533,6.17E-06,0.051160051,0.073308717,1.71E-05
0.000365266,4.05E-05,0.003167841,0.850237913,1.93E-06,0.070144794,0.076033031,8.78E-06
0.001677817,0.000160911,0.01472491,0.256543746,1.50E-05,0.003022742,0.723517595,0.00033727
0.003195039,0.150132337,0.632378152,0.018909711,0.00224352,0.000114896,0.066801089,0.126225255
3.89E-05,0.003813517,0.05491466,0.231586102,3.70E-06,0.000845267,0.708774894,2.29E-05
0.000995434,0.103943922,0.045214064,0.001516806,0.000282761,1.75E-05,0.0027468,0.845282745
0.000396133,0.085088933,0.743816381,0.023812124,1.91E-05,3.44E-05,0.146205455,0.000627494
0.013936689,0.033063807,0.003665164,0.000576493,0.000128415,2.53E-05,0.000399813,0.948204282
0.00061994,0.000876783,0.005557927,0.892228984,8.50E-05,0.002294432,0.09821961,0.00011733
0.000167437,0.040129145,0.629836226,0.009039467,1.56E-05,3.74E-06,0.318841596,0.001966753
0.004191648,0.003148708,0.016983316,0.590418532,4.69E-05,0.000206191,0.384992089,1.27E-05
0.02245847,0.324290534,0.174189397,0.002223736,0.000393395,0.000307706,0.016324388,0.459812374
0.001404692,0.360503721,0.56397967,0.001407501,3.76E-05,1.32E-05,0.066608414,0.006045181
0.004149315,1.26E-05,0.002642775,0.929749151,3.77E-06,0.00085665,0.062460065,0.000125697
0.018432229,0.24945382,0.026793377,0.000604915,8.70E-05,3.50E-05,0.002988646,0.701605017
0.996418607,0.000384272,0.000346834,0.00067932,0.000664433,1.31E-05,0.000142046,0.001351366
0.001043039,0.172232469,0.55100982,0.010968418,2.67E-05,4.77E-05,0.251820909,0.012850932
9.04E-05,0.000479275,0.006304516,0.942140271,6.97E-06,0.000163203,0.050675316,0.000140079
0.007168884,0.245729027,0.050244932,0.001893832,0.000113705,0.000978736,0.005446469,0.688424415
0.001746801,0.024621146,0.282705829,0.170273542,6.83E-05,3.09E-05,0.520201312,0.000352171
0.006320001,0.001578913,0.028966146,0.53869424,7.86E-06,0.002855592,0.421562861,1.44E-05
0.000306026,0.000234679,0.002633172,0.846989868,3.16E-06,0.06393426,0.085892531,6.31E-06
0.001119625,0.000659461,0.058599861,0.083984478,4.58E-05,0.00176614,0.853782944,4.17E-05
0.000548958,0.01800492,0.172352865,0.014921147,2.54E-05,3.84E-05,0.793978756,0.00012947
0.040227567,0.161767894,0.042074605,0.009320313,0.001065046,4.01E-05,0.019044682,0.726459819
0.003235079,0.002661745,0.026581185,0.078825487,0.000105638,1.58E-05,0.888537438,3.77E-05
0.001292833,0.032876112,0.141643465,0.284033924,4.00E-05,5.42E-05,0.536227865,0.003831563
0.001374704,0.033282352,0.865842415,0.001687048,9.07E-06,4.78E-05,0.088446703,0.00930988
0.001205406,0.006139485,0.141093725,0.50268854,3.00E-05,0.000172385,0.34809207,0.0005784
0.003990538,0.30256012,0.561660472,0.00173827,1.21E-05,2.94E-05,0.117819543,0.012189478
0.000166135,0.001816432,0.181848594,0.073104681,8.79E-06,0.000873527,0.74207302,0.000108818
0.000477864,0.010788338,0.280310316,0.149725824,1.73E-05,0.00046604,0.558104798,0.000109512
0.000369257,0.068661803,0.506666916,0.012497763,3.25E-05,9.65E-06,0.396229551,0.015532603
0.00224276,0.033430964,0.637444293,0.102258478,4.03E-05,7.00E-05,0.224246993,0.000266167
0.001205499,0.697690338,0.2627361,0.000773566,7.24E-05,2.15E-05,0.015296774,0.022203798
0.00077764,0.42932679,0.358596187,0.011956877,3.97E-05,5.57E-05,0.174481882,0.024765199
0.000987947,0.000349783,0.010423754,0.801087697,8.03E-06,0.002403448,0.184683234,5.61E-05
0.000194598,0.000655228,0.023942454,0.112514773,1.88E-05,1.76E-05,0.862620645,3.59E-05
0.008736218,0.002550828,0.079821157,0.03111026,6.29E-05,9.50E-05,0.877586642,3.70E-05
0.000863231,1.76E-05,0.009760692,0.844212887,1.39E-06,0.001142071,0.143882997,0.000119101
0.000843794,0.016831926,0.22063948,0.054251368,3.71E-05,9.52E-05,0.706550888,0.000750254
0.000473385,0.034112879,0.760271328,0.007701742,3.77E-05,8.86E-06,0.196711113,0.000682994
0.001069207,0.015833704,0.717245441,0.006406954,3.47E-06,3.21E-05,0.258551047,0.000858026
0.000782735,0.200548014,0.715727704,0.001811446,0.0004164,1.91E-05,0.063345779,0.017348792
0.008929349,0.000111959,0.002801563,0.729345411,1.14E-05,0.002262319,0.256512223,2.57E-05
0.000306137,0.002843802,0.180754738,0.026549927,3.62E-06,6.92E-05,0.78927729,0.000195241
0.000180129,7.10E-05,0.002097665,0.914795742,2.56E-06,1.73E-05,0.08282958,6.04E-06
6.23E-05,0.006557227,0.128095197,0.037166152,1.83E-05,9.72E-05,0.827963882,3.98E-05
0.00041649,0.027331982,0.357970599,0.122717295,4.53E-05,2.43E-05,0.491371234,0.00012279
0.002892059,0.087136203,0.643517089,0.027106969,6.85E-05,0.000417658,0.226610942,0.01225055
0.000350646,0.001409704,0.03036271,0.016878884,6.13E-05,5.18E-05,0.945756725,0.005128253
0.007589354,0.003639023,0.536120146,0.126003775,7.87E-05,6.36E-05,0.325891097,0.000614353
0.000366622,0.032061954,0.902564882,0.001557671,1.14E-05,3.40E-05,0.062793431,0.000610082
0.002283473,0.002401905,0.006312596,0.827827698,0.000130319,0.004429088,0.156551065,6.39E-05
0.739003752,0.007798269,0.04402605,0.048235404,0.043393336,0.000983539,0.071789824,0.044769825
0.00140922,0.031135401,0.479466648,0.255384297,8.10E-05,2.45E-05,0.23202644,0.000472449
0.010284309,0.105970161,0.825337551,0.003289746,1.45E-05,1.07E-05,0.054466458,0.000626508
0.000127729,5.87E-06,0.000340562,0.980322187,1.53E-06,0.014945715,0.004253289,3.12E-06
5.20E-05,0.015052458,0.275400321,0.078237224,9.69E-06,0.000272825,0.630959235,1.62E-05
0.004987984,0.000998135,0.43255514,0.205694596,1.56E-05,0.000201852,0.355216627,0.000330023
0.000324201,0.000273317,0.022863978,0.402043997,9.50E-06,0.007885455,0.566534729,6.48E-05
0.860226114,0.018334103,0.006364525,0.011550755,0.022476962,0.000125093,0.002549523,0.078372925
0.001144069,0.144993137,0.59504152,0.008468447,9.79E-05,1.31E-05,0.242635567,0.007606341
0.000915122,3.35E-05,0.002668152,0.935590394,1.54E-06,0.002215018,0.05856649,9.81E-06
0.002329171,0.004096133,0.003214634,0.805014295,2.60E-05,0.002444598,0.182861272,1.39E-05
0.003374376,0.003841463,0.067036869,0.829599625,7.52E-05,1.30E-05,0.095946838,0.000112617
0.005674687,0.235369687,0.644160486,0.00437715,2.00E-05,2.21E-05,0.095749828,0.014626112
0.007776984,0.622317969,0.258810966,0.004649231,0.000112034,9.21E-06,0.027951255,0.078372346
0.080925864,0.443201568,0.011023179,0.004065798,0.002065591,0.001392328,0.010428226,0.446897445
0.016023492,0.000406818,0.329504187,0.257529071,4.97E-05,0.00101887,0.395389495,7.84E-05
0.000901395,0.099555743,0.754120142,0.008495511,1.77E-05,3.92E-05,0.13488274,0.001987608
0.003516013,0.184706875,0.713206192,0.000828842,1.78E-05,2.79E-05,0.091777926,0.005918388
0.000436399,9.90E-05,0.048532209,0.493202798,1.82E-06,0.001432641,0.456166139,0.000129026
0.000340013,0.035310024,0.625077298,0.023163728,5.58E-05,3.91E-06,0.315052703,0.000996481
0.000106915,0.003706521,0.369368056,0.164572617,3.74E-06,0.000283821,0.461936193,2.21E-05
0.000171213,0.000708136,0.001960431,0.913858211,1.82E-06,0.003255046,0.080040185,4.95E-06
0.004351248,4.11E-05,0.003206546,0.774482268,3.92E-06,0.015490154,0.202408784,1.60E-05
0.015953146,0.253101262,0.010532992,0.00057168,3.78E-05,4.34E-05,0.006655641,0.713104103
0.000311379,9.41E-05,0.009400061,0.191543506,8.53E-06,0.000263201,0.798326107,5.31E-05
0.069611409,0.270881775,0.016139255,0.002140398,0.002399726,0.000445099,0.003039547,0.635342792
0.003066503,3.95E-05,0.003993359,0.957698274,2.74E-06,0.001398897,0.033790086,1.06E-05
0.000292357,0.001237924,0.249701694,0.056541587,7.41E-06,0.000387189,0.691801127,3.07E-05
0.005313713,0.001466119,0.033791519,0.126646514,0.000154009,0.00047268,0.830841565,0.001313882
0.000618603,0.002100202,0.469852603,0.030324718,1.07E-05,8.74E-05,0.496537718,0.000468109
0.000128569,0.000102644,0.039756221,0.578866477,3.05E-06,0.000281726,0.380790261,7.11E-05
0.000137393,0.017831595,0.416804008,0.011053395,5.25E-06,5.69E-06,0.553699018,0.000463643
0.000413117,0.000292424,0.291947638,0.088853174,2.39E-06,0.000282576,0.617826648,0.000382037
0.009951603,0.288217568,0.504395469,0.017098392,4.36E-05,8.12E-05,0.155704214,0.024507933
0.000333065,0.256858728,0.648010906,0.002470425,1.16E-05,0.000507152,0.067259445,0.024548713
0.011779418,0.766792794,0.072883307,0.000651588,5.36E-05,1.63E-05,0.002137228,0.145685706
0.064116553,0.117259479,0.024620706,0.002313002,0.002051687,2.19E-05,0.003137679,0.786479035
0.004550627,0.021278953,0.00154804,0.000497397,0.000165629,1.51E-05,0.000446086,0.971498127
0.000954601,0.013757861,0.073982882,0.060403735,1.48E-05,0.000286353,0.848308512,0.002291221
0.05337103,0.190249523,0.176586065,0.015893821,0.003181268,0.000119758,0.050805713,0.509792823
0.001949974,0.025857562,0.326825967,0.026957767,3.28E-05,8.26E-05,0.611636779,0.006656585
0.001159463,0.049600702,0.461100177,0.066600238,3.22E-06,5.70E-05,0.420870857,0.000608325
0.000314264,0.004152139,0.081223325,0.641592763,8.11E-06,7.53E-05,0.272564032,7.00E-05
0.00140543,0.491536974,0.418044283,0.00524212,2.67E-05,0.000103614,0.021349098,0.062291732
0.001446301,0.004144776,0.159263525,0.587906781,6.43E-05,1.61E-05,0.246846292,0.000311926
0.000947986,0.020341208,0.515612772,0.012937719,2.50E-06,3.19E-05,0.449673921,0.000451971
0.001040042,0.076850972,0.283858707,0.12543527,2.25E-05,7.67E-05,0.511486935,0.001228922
0.000177277,0.79202395,0.14438787,0.006467957,8.89E-05,1.66E-05,0.024007734,0.032829675
0.001397872,0.191928983,0.64295375,0.002293879,1.89E-05,3.48E-05,0.154036295,0.007335545
0.000948591,0.001631323,0.234487629,0.039631931,1.91E-06,8.94E-05,0.722996191,0.000212997
0.000353151,3.97E-05,0.004416033,0.956254149,4.03E-06,0.000162717,0.038757961,1.22E-05
0.013122568,0.351348165,0.063033814,0.002168761,0.003148999,1.63E-05,0.013043276,0.554118089
0.000140235,0.000257493,0.009130777,0.860950122,2.54E-06,0.000349811,0.129162046,6.98E-06
0.000376603,0.006402449,0.127974,0.211021284,3.26E-05,6.74E-05,0.654043432,8.22E-05
0.000402746,0.003607217,0.027437413,0.636530976,1.01E-05,0.000358864,0.331598345,5.43E-05
7.85E-05,0.00012956,0.083160205,0.386884142,6.34E-06,0.002450508,0.527264913,2.58E-05
0.000253852,0.024363959,0.161870885,0.015344917,3.41E-05,7.98E-06,0.797139667,0.00098467
0.002763745,0.156192458,0.012712412,0.004989029,0.000785586,2.82E-05,0.002415462,0.8201131
0.000576139,0.085148324,0.796797155,0.004688571,4.00E-05,1.53E-05,0.068801421,0.043933082
0.002535621,0.000419313,0.003957894,0.816776305,7.25E-05,0.006405662,0.169813694,1.90E-05
0.000167237,0.033921977,0.729165058,0.005920074,0.000173267,5.58E-05,0.22725658,0.003339999
0.00116954,5.97E-05,0.011639148,0.796268485,1.62E-06,0.001464093,0.189339885,5.75E-05
0.000631148,0.00010756,0.010495792,0.495948198,1.70E-05,0.000304901,0.492351865,0.00014353
0.005487714,0.000734812,0.203713207,0.345147015,1.16E-05,0.000559952,0.444303649,4.20E-05
0.047314805,0.330523341,0.604433782,0.001087491,0.000473582,1.33E-05,0.005068575,0.011085074
0.00037782,0.017741264,0.035253251,0.408924735,1.89E-05,0.013194271,0.524364789,0.000124941
0.001068646,0.054222948,0.62865099,0.012394054,2.91E-06,7.57E-05,0.301063281,0.002521464
0.000993596,0.000893632,0.029020026,0.177300452,8.12E-06,0.002395272,0.789328435,6.05E-05
0.006228947,0.019830974,0.330774636,0.063371729,6.94E-05,2.94E-05,0.579447499,0.000247339
0.00098984,0.321034492,0.507294672,0.047404853,0.000261584,1.34E-05,0.10302023,0.019980888
0.36052755,0.076805448,0.013817338,0.000716815,0.1017722,0.000462726,0.014230132,0.43166779
0.003238388,0.046579531,0.712175558,0.048518112,1.52E-05,3.47E-05,0.188537062,0.000901458
0.014251866,0.467513133,0.109487599,0.003178479,0.000278161,1.72E-05,0.00998383,0.39528975
0.008485357,0.131637059,0.100150436,0.029072725,0.000479312,7.47E-05,0.00220806,0.727892391
0.008472421,0.615520962,0.101666853,0.011629198,0.000222242,0.000256391,0.01755242,0.244679511
0.004871385,0.140752088,0.03130366,0.001310249,0.003316761,4.96E-05,0.007384326,0.81101196
0.000686689,0.011723477,0.332162953,0.095462579,5.07E-05,0.000193554,0.555497702,0.004222353
0.001392175,0.09056732,0.671518876,0.079632292,4.12E-05,5.15E-05,0.154960537,0.001836062
0.055683604,0.0209718,0.177488632,0.130841918,0.001315134,0.00098201,0.565658869,0.047058033
0.011016063,0.04216104,0.063415867,0.001399239,0.002597899,3.51E-05,0.005557443,0.873817397
0.002582132,0.121827363,0.489653928,0.027854311,0.000273073,3.20E-05,0.347553525,0.010223685
0.000546862,0.000869129,0.075310933,0.24918097,3.35E-05,6.35E-05,0.673374249,0.000620809
0.000326493,0.009736257,0.121675863,0.268118988,0.000151298,9.78E-05,0.599330771,0.000562553
0.000389151,0.00066458,0.005706118,0.81856633,8.65E-05,2.06E-05,0.174541063,2.56E-05
0.000867298,0.000305294,0.074208021,0.163069015,7.55E-06,0.000398178,0.760875808,0.000268832
0.00100104,0.003202626,0.274340385,0.297821549,1.42E-05,0.002461856,0.420561088,0.000597208
0.00138936,0.031123065,0.598805103,0.08112625,1.52E-05,2.14E-05,0.287175715,0.000343886
0.000151807,0.11936725,0.219474539,0.041337138,4.49E-05,6.06E-05,0.615571431,0.003992366
0.000126973,0.000845017,0.009437061,0.34414156,9.03E-06,0.000233305,0.645192459,1.46E-05
0.012690507,0.000165519,0.003932754,0.921941182,8.27E-06,0.011085584,0.050153596,2.26E-05
0.000257578,2.01E-05,0.006100524,0.932203116,2.13E-06,0.000851067,0.060556601,8.94E-06
0.055330088,0.301358533,0.041431519,0.005589916,0.00094919,2.76E-05,0.025892491,0.569420659
0.025504005,0.001569388,0.032177403,0.36937477,3.30E-05,0.002044177,0.568163125,0.0011341
0.044627552,0.436409163,0.170220829,0.002993187,0.00011911,8.64E-05,0.020704724,0.324839055
0.001301391,0.000171231,0.003381327,0.892565588,3.30E-06,0.007717456,0.094824223,3.55E-05
0.032818177,0.483372636,0.156641062,0.008898865,0.001551645,1.29E-05,0.020372998,0.296331725
0.293421877,0.245463862,0.052047664,0.000948503,0.001740957,0.000547565,0.014386941,0.391442632
0.036249776,0.2130509,0.100659521,0.008300902,0.05448551,0.000254376,0.013168527,0.573830488
0.002336674,0.000225139,0.012420694,0.741470661,6.10E-06,0.006673215,0.23684399,2.35E-05
0.048779715,7.00E-05,0.004719095,0.882610542,3.14E-05,0.04489545,0.018665594,0.000228225
0.000900052,0.114789076,0.677777683,0.004850668,4.88E-06,2.81E-05,0.195189557,0.006459989
0.004515929,0.003609229,0.33105578,0.106461139,1.30E-05,0.000742017,0.552995147,0.000607775
0.176142002,0.000450128,0.011014901,0.622480973,1.08E-05,0.010162899,0.179669459,6.89E-05
0.004067035,0.351670548,0.530929588,0.02001852,0.000886582,2.38E-05,0.05903898,0.03336492
0.002130802,0.034194187,0.369817751,0.078778233,8.50E-06,8.45E-05,0.514322187,0.000663829
0.853993031,0.059905699,0.035425958,0.012122358,0.00052257,8.93E-05,0.017355067,0.020585981
0.005195941,0.235247529,0.022774009,0.001420065,0.000228678,0.000134017,0.002011208,0.732988552
0.003297817,0.00013603,0.007905145,0.855329958,2.54E-06,0.009069782,0.124225275,3.35E-05
0.00207504,0.278072296,0.027091122,0.001054899,4.80E-05,9.32E-06,0.001603649,0.690045652
0.03363273,0.314251965,0.031240604,0.002436369,0.004379352,0.000331831,0.005692736,0.608034413
9.28E-05,0.000971771,0.014407842,0.024632142,9.46E-06,0.000376195,0.959485782,2.40E-05
0.741722178,0.011384266,0.007398166,0.052486893,0.030295508,7.57E-05,0.062572214,0.094065039
0.005608439,0.002273143,0.053591271,0.381951758,0.000120261,7.08E-05,0.55633889,4.55E-05
0.01342742,0.540199174,0.03911173,0.00218762,8.00E-05,0.000102729,0.008401774,0.396489543
0.001106468,0.229839191,0.515870539,0.054556938,0.000237063,2.13E-05,0.195547886,0.00282059
0.004221505,0.152016982,0.135253237,0.000238009,0.005254195,4.13E-05,0.043515022,0.659459704
0.000145967,0.001109444,0.151411616,0.136342873,2.62E-06,3.09E-05,0.710946798,9.75E-06
0.018956483,0.051545796,0.023990691,0.00152942,0.007820784,0.000106484,0.016430197,0.879620145
0.01084159,0.17692555,0.554601098,0.01283734,0.000313343,7.52E-05,0.223532032,0.020873847
0.000216997,0.19463918,0.723374132,0.015453464,1.53E-05,6.84E-06,0.064152672,0.002141416
0.000724492,0.000222802,0.054539344,0.206764199,6.31E-06,0.000462491,0.737213481,6.69E-05
0.022160322,0.059853807,0.011959538,0.001018608,0.001070784,7.11E-05,0.004679282,0.899186559
6.46E-05,0.00047502,0.131438045,0.093834612,5.86E-06,0.000192846,0.773956926,3.21E-05
0.00076183,0.006883972,0.415884714,0.031558951,4.14E-06,6.36E-05,0.543850064,0.000992728
0.000126464,0.023804081,0.391573499,0.034958579,5.00E-05,1.38E-05,0.549020013,0.000453627
5.28E-05,0.011438059,0.324409608,0.069115258,8.23E-06,0.000211741,0.594646713,0.000117555
0.000801961,0.000458666,0.015794246,0.824357805,1.18E-05,0.006735624,0.151827807,1.21E-05
0.904242235,0.002498677,0.002591336,0.009256627,0.070182401,9.55E-05,0.006825414,0.004307808
0.002635908,0.211238241,0.073781707,0.005048139,0.000276903,0.000102229,0.00913872,0.697778154
0.000708458,0.168550471,0.55307064,0.009712325,1.42E-05,3.00E-05,0.265076277,0.002837716
0.000437826,0.02508568,0.135123993,0.220636832,0.000143263,3.78E-05,0.616889246,0.001645356
0.000150971,0.001100699,0.00046635,0.962886749,1.45E-05,0.000221602,0.035140947,1.82E-05
0.010391562,0.522154241,0.067847353,0.00049673,0.004018579,0.000157767,0.037888591,0.357045178
0.005667463,0.226771909,0.663192959,0.007788982,7.92E-05,4.57E-05,0.088407403,0.008046408
0.003307375,0.001369743,0.013715355,0.514609025,2.95E-05,0.001968935,0.464941283,5.88E-05
3.15E-05,0.039330153,0.269487816,0.076169191,1.44E-05,0.000173845,0.614449999,0.000343034
0.022702245,0.009554023,0.542015868,0.067403819,0.000125506,5.59E-05,0.357971498,0.000171184
0.193948043,0.136164633,0.057873174,0.005602948,0.01619318,0.000497125,0.027596403,0.562124493
0.001462172,0.592118109,0.355749618,0.004710071,0.000187245,1.30E-05,0.01914343,0.026616394
0.001348966,0.014995538,0.050116871,0.579585271,2.46E-05,0.004362046,0.348841997,0.000724739
5.80E-05,7.27E-05,0.013580223,0.691847631,2.36E-06,0.001051145,0.293364681,2.32E-05
0.007137581,0.29064766,0.109823016,0.004651659,0.000519259,0.000107034,0.024605629,0.562508162
0.00277378,0.000450125,0.014642329,0.707163073,1.28E-05,4.87E-05,0.274876188,3.30E-05
0.003898283,0.865133102,0.09344487,0.000507863,0.000518328,2.89E-05,0.009522854,0.026945785
0.005490866,0.006219178,0.182731274,0.660129349,6.64E-05,9.42E-05,0.145120555,0.000148256
0.003056842,0.016159815,0.390668788,0.041276501,1.56E-05,7.54E-05,0.547606845,0.00114022
0.014739516,0.000219426,0.00462089,0.954468536,1.75E-05,0.019980533,0.005919268,3.43E-05
0.000912987,0.156916167,0.643377515,0.000790891,9.32E-05,5.10E-05,0.00647507,0.19138321
0.000464122,7.87E-05,0.007836996,0.90887463,3.07E-06,0.000103937,0.082594214,4.43E-05
0.003747866,0.005439455,0.11385578,0.254336053,4.48E-06,0.000242039,0.622347383,2.69E-05
0.805767758,0.01495011,0.026033358,0.00512694,0.003992536,0.000484007,0.007683313,0.135961979
0.003554536,0.000232415,0.001120967,0.93416161,1.79E-05,0.057758964,0.003138453,1.51E-05
0.014035884,0.000672873,0.025292534,0.596110692,1.60E-05,0.005391081,0.358430317,5.06E-05
7.13E-05,0.001010417,0.068191423,0.190219201,1.04E-05,0.001127608,0.739290417,7.92E-05
0.004627687,0.061154068,0.56152252,0.017109592,4.23E-06,5.58E-05,0.352016688,0.003509428
0.007125968,6.34E-05,0.001835199,0.654463797,8.63E-06,0.000899625,0.33550243,0.000100954
0.001263338,0.000604108,0.086350821,0.051539731,1.02E-05,0.000121475,0.859976423,0.000133945
0.000963103,0.228976247,0.530651161,0.011792129,2.89E-05,9.44E-05,0.203613302,0.023880843
0.002879772,0.711140622,0.082992111,0.002289795,0.000365634,1.02E-05,0.003189234,0.197132655
0.016347973,0.27053187,0.169796059,0.01440635,0.000471865,2.87E-05,0.124155128,0.404262065
0.000811573,0.072234056,0.699842273,0.011214887,1.70E-05,1.92E-05,0.213084336,0.002776644
0.003035857,0.000288037,0.00568792,0.547801794,3.27E-05,0.000622522,0.442521291,9.85E-06
0.001814951,0.000356899,0.005387329,0.961517503,4.84E-06,0.000579397,0.030263253,7.58E-05
0.806195124,0.010767669,0.034114498,0.00900509,0.106564757,0.000284041,0.010631421,0.022437399
0.938355158,0.000765207,0.00157819,0.029037682,0.006814432,0.000197308,0.017541973,0.00571005
0.000400053,4.08E-05,0.00295398,0.937347503,1.86E-06,0.012233974,0.047017691,4.19E-06
0.002015301,0.619243823,0.294279509,0.002105986,4.84E-05,5.30E-06,0.041606916,0.040694724
0.003937795,0.00258214,0.188237483,0.314108729,3.69E-05,3.26E-05,0.491006726,5.77E-05
0.000611994,0.1147525,0.74194645,0.00153444,4.30E-06,7.59E-05,0.134482456,0.006591934
0.00531312,0.418022782,0.254924854,0.00379895,0.000440462,3.17E-05,0.01190254,0.305565581
0.000554276,0.000458759,0.00211248,0.956598444,9.10E-06,0.007388113,0.032862381,1.65E-05
0.012005507,0.001061329,0.077587464,0.840818897,2.31E-05,0.018475339,0.049965705,6.27E-05
0.002500768,0.000852035,0.035674099,0.511464622,5.34E-06,0.000309429,0.449145606,4.81E-05
0.001212788,0.719425374,0.238693973,0.00129092,1.84E-05,5.60E-06,0.012818345,0.026534644
0.828132709,0.020527078,0.028198768,0.037446802,0.056301703,0.000159211,0.006213537,0.023020192
0.001069251,0.001366661,0.435950513,0.16306535,6.68E-06,9.11E-05,0.398185682,0.00026475
0.000614521,0.002366279,0.018831302,0.788195828,2.93E-05,0.000312298,0.189625561,2.49E-05
1.98E-05,7.79E-06,0.001198972,0.94540232,4.59E-07,0.000130769,0.053239233,6.64E-07
0.000240939,0.001213924,0.022687001,0.341681557,4.65E-05,0.000267653,0.633833466,2.90E-05
0.020993425,0.562693129,0.179420947,0.003229719,0.000418534,4.52E-05,0.023323644,0.209875451
0.000708501,8.92E-05,0.010398797,0.845652437,5.00E-06,0.001542892,0.14158959,1.36E-05
0.007313891,0.165260966,0.015254108,0.013135916,0.001705172,2.59E-05,0.002833969,0.794470073
0.002083479,0.612370578,0.281179077,0.000808305,1.94E-05,1.55E-05,0.014234582,0.089289055
0.002163346,0.035528123,0.16365928,0.040010907,4.81E-05,1.55E-05,0.7575423,0.001032486
0.003228458,0.535299459,0.361338961,0.022877733,0.000183056,3.00E-05,0.029842411,0.047199893
0.001925624,0.000396327,0.002168436,0.816953029,1.37E-05,0.09180905,0.086686689,4.72E-05
0.003781245,0.419127452,0.366914719,0.005729381,6.35E-05,9.68E-05,0.038566153,0.165720777
0.045340988,0.390610179,0.256494796,0.009662241,0.000852696,3.01E-05,0.089712061,0.207296989
0.021157599,3.50E-05,0.0030801,0.906546354,4.40E-06,0.001958272,0.067189364,2.89E-05
0.001296371,0.000444568,0.08805417,0.181297706,4.59E-06,0.000438829,0.728267096,0.000196675
0.002825499,0.005776757,0.08681405,0.357626827,9.33E-06,0.000383087,0.546463669,0.000100777
0.003093943,0.000269299,0.001647301,0.934450228,4.21E-06,0.015667065,0.044860261,7.69E-06
0.000170587,0.006004262,0.116222391,0.158888906,1.05E-05,5.92E-05,0.718588289,5.59E-05
0.010146563,0.242777056,0.268243799,0.017713533,0.004349026,1.93E-05,0.211071369,0.245679371
5.62E-05,0.0002968,0.001240967,0.870214809,2.04E-06,0.034167868,0.09401322,8.15E-06
0.004554566,0.363813528,0.474747686,0.003668649,0.000325217,4.55E-05,0.028093747,0.124751137
0.915427309,0.02358161,0.026201728,0.006838145,0.002078747,3.38E-05,0.018280321,0.007558377
0.001395409,2.20E-05,0.001181916,0.972301484,1.71E-06,0.010278724,0.014798476,2.03E-05
0.001364469,0.008012555,0.066973034,0.372830063,2.29E-05,6.23E-05,0.550577334,0.000157366
0.000120034,2.68E-05,0.009022598,0.861748448,8.14E-06,0.00042693,0.128618898,2.82E-05
0.964017597,0.007764792,0.015943483,0.000770649,0.000227499,1.13E-05,0.005964233,0.005300442
0.000411035,0.000207701,0.011414599,0.314398296,2.23E-05,0.00029393,0.673046387,0.000205768
0.001596753,0.003829744,0.088879999,0.234550731,0.000315178,3.05E-05,0.670328543,0.000468548
0.004811438,0.334950068,0.380189636,0.014014501,0.000148237,2.86E-05,0.030798782,0.235058716
0.000333186,0.063534535,0.902700211,0.000606751,1.43E-05,2.76E-05,0.032068684,0.000714758
7.86E-05,0.000249269,0.017629532,0.907454108,2.18E-06,0.000177134,0.074383681,2.55E-05
0.001548524,0.114449247,0.055304728,0.00135991,0.000966849,5.14E-05,0.005694893,0.820624493
0.761389562,0.017926054,0.099042183,0.012016076,0.05728043,9.47E-05,0.042727419,0.00952358
0.001010526,0.001119694,0.044314103,0.781339629,2.41E-05,1.73E-05,0.172113277,6.13E-05
0.00135377,0.000433907,0.01794448,0.344475757,1.87E-05,0.001438439,0.634210108,0.000124817
0.908861002,0.001079451,0.001940683,0.04005422,0.001789189,0.000122498,0.041779221,0.004373736
9.10E-05,0.002288358,0.584087829,0.041175751,6.99E-06,0.000111843,0.37211592,0.000122261
0.828959955,0.05618696,0.051867021,0.007195124,0.001441287,0.000186975,0.00969666,0.044466019
0.022825512,0.084823467,0.016120481,0.000984038,0.000177437,0.004277478,0.004578104,0.866213484
0.001260333,0.002143716,0.294691425,0.076152439,7.14E-06,0.000100441,0.624716956,0.000927546
0.002922999,0.044301077,0.013716675,0.001896726,0.00047384,4.70E-06,0.005659811,0.931024172
0.000965919,0.003499916,0.016572164,0.892503762,2.93E-05,0.000133037,0.086176762,0.000119135
0.001421257,0.049209202,0.332975787,0.141055584,0.00106044,3.64E-05,0.388106607,0.086134695
0.959961865,0.001225767,0.010091522,0.000757373,0.01343816,0.000135979,0.001452508,0.012936827
0.007606079,0.326124792,0.0111386,0.003256967,0.000801868,2.17E-05,0.001266618,0.649783326
0.000503316,0.132582079,0.66701472,0.021821391,2.49E-05,0.000116029,0.175431584,0.00250602
0.000303694,0.038977438,0.448582837,0.007221232,3.35E-05,0.000213854,0.504434405,0.00023306
0.001862202,0.157351105,0.686515623,0.000416557,5.89E-05,4.04E-05,0.150756253,0.002998908
0.007102964,0.001728051,0.01774871,0.090485856,0.000645878,4.07E-05,0.881796902,0.000450984
0.068494274,0.154920493,0.026025197,0.029121508,0.000754184,6.02E-05,0.014641574,0.705982579
0.005850146,0.394962415,0.092739571,0.000748132,5.51E-05,0.000196113,0.011667141,0.493781388
0.979543984,0.00070575,0.002537279,0.000534821,0.00362102,5.79E-05,0.003195502,0.009803789
4.44E-05,0.000467378,0.1963765,0.111152824,1.55E-06,0.000520803,0.691382136,5.44E-05
0.006329139,0.000410094,0.001722954,0.896198272,0.000223341,0.00082058,0.09427956,1.61E-05
0.006794033,0.300328262,0.242692814,0.002993261,0.001260817,1.44E-05,0.222862325,0.223054116
0.007005112,0.017463343,0.165909217,0.370646308,0.000212414,8.97E-05,0.438314342,0.000359592
0.007527848,2.77E-05,0.000968196,0.845505515,5.47E-06,0.102730782,0.043212961,2.15E-05
0.000759695,4.66E-05,0.02155778,0.41241176,4.84E-06,0.005473751,0.559713806,3.18E-05
0.000462964,0.000481357,0.01422846,0.83790723,4.94E-06,0.000222228,0.146671608,2.12E-05
0.000292128,4.01E-06,0.000161518,0.981201474,1.33E-06,0.014565544,0.003771874,2.12E-06
0.033866621,0.106657018,0.018203392,0.024507446,0.006078982,5.10E-05,0.016309561,0.794326005
0.001030585,0.001832805,0.024125571,0.623874978,4.34E-05,0.000627901,0.348454147,1.07E-05
0.000554477,0.000108728,0.039057698,0.771478355,7.84E-06,0.002425813,0.186305579,6.15E-05
0.002242659,0.045412836,0.686003825,0.038021753,4.43E-06,1.05E-05,0.226562355,0.001741622
